564
594
606
612
624
648
666
1152
1158
2025
1202
1641
1739
1064
1076
1082
1088
1283
1910
1745
906
912
918
924
930
936
948
1751
1757
1041
1266
1899
1147
2020
1905
1740
685
799
1213
1825
1837
1843
1849
1855
1861
1892
1911
1917
1923
1929
1935
1941
1947
1953
1966
1972
1990
1996
2002
2008
2014
799
1892
1953
1966
1972
1990
1996
2002
2008
2014
1041
1266
1899
1147
2020
1905
1740
1825
1911
1917
1923
1929
1213
1837
1843
1849
1855
1861
1935
1941
1947
685
685
799
1041
1147
1213
1266
1740
1825
1837
1843
1849
1855
1861
1892
1899
1905
1911
1917
1923
1929
1935
1941
1947
1953
1966
1972
1990
1996
2002
2008
2014
2014
2020
2020
685
799
1041
1147
1213
1266
1740
1825
1837
1843
1849
1855
1861
1892
1899
1905
1911
1917
1923
1929
1935
1941
1947
1953
1966
1972
1990
1996
2002
2008
2014
2014
2020
2020
564
594
606
612
624
648
666
906
912
918
924
930
936
948
1064
1076
1082
1088
1152
1158
1202
1283
1641
1739
1745
1751
1757
1910
2025
685
799
1041
1147
1213
1266
1740
1825
1837
1843
1849
1855
1861
1892
1899
1905
1911
1917
1923
1929
1935
1941
1947
1953
1966
1972
1990
1996
2002
2008
2014
2014
2020
2020
1342
1374
1402
1456
1975
1993
1999
2005
2011
2016
2017
2028
2035
2042
2050
2057
2063
2028
2035
2042
2050
2057
2063
2028
2035
2042
2050
2057
2063
1342
1374
1402
1456
1975
1993
1999
2005
2011
2017
2028
2035
2042
2050
2057
2063
2016
